.50,7.80,-0.78,0.22,-0.94,21.00,21.00,9.00,14.00,3.00
9.04,11.48,7.62,-1.09,0.41,-1.49,20.00,22.00,9.00,14.00,3.00
00
8.73,11.50,7.80,-0.78,0.22,-0.94,21.00,21.00,9.00,14.00,3.00
9.04,11.48,7.62,-1.09,0.41,-1.49,20.00,22.00,9.00,14.00,3.00
9.21,12.36,7.96,-0.25,1.01,-1.08,20.00,22.00,9.00,13.00,3.00
9.44,12.33,7.72,1.28,1.52,-0.09,21.00,22.00,8.00,14.00,3.00
9.83,11.39,7.73,16.57,8.32,5.19,22.00,20.00,7.00,14.00,3.00
10.34,13.54,3.59,31.50,21.98,9.64,20.00,22.00,8.00,12.00,3.00
9.42,13.04,2.54,26.29,26.83,8.26,20.00,23.00,8.00,12.00,3.00
6.51,15.08,5.52,15.20,22.96,-0.55,25.00,25.00,9.00,14.00,3.00
0.27,17.17,4.68,-19.96,-21.50,0.93,30.00,26.00,7.00,15.00,3.00
11.28,11.19,3.24,-32.77,-32.77,-12.85,13.00,22.00,9.00,14.00,3.00
13.78,3.61,-0.34,23.26,29.19,-7.83,13.00,19.00,10.00,12.00,3.00
6.31,16.69,5.71,11.07,27.86,-0.29,20.00,22.00,9.00,13.00,3.00
3.20,17.47,6.22,-13.64,-19.51,7.44,18.00,20.00,10.00,14.00,3.00
14.05,5.00,7.97,-23.45,-32.77,-0.95,12.00,20.00,9.00,13.00,3.00
11.06,13.01,1.20,26.93,32.77,-10.44,14.00,20.00,8.00,13.00,3.00
4.76,13.09,6.74,2.67,26.03,-4.92,20.00,22.00,7.00,12.00,3.00
3.86,16.80,12.12,-14.24,-29.16,7.96,17.00,22.00,7.00,12.00,3.00
12.60,7.24,10.04,-18.47,-32.77,-0.96,13.00,19.00,9.00,12.00,3.00
9.76,10.48,3.62,20.51,32.77,-10.97,15.00,20.00,8.00,12.00,3.00
4.60,15.00,4.67,-0.55,32.39,-6.74,23.00,22.00,8.00,9.00,3.00
3.39,15.12,9.01,-12.77,-24.23,6.28,17.00,20.00,8.00,12.00,3.00
---------END--------
.,1.20,0.1269,0.33,21.00,21.00,7.00,13.00,3.00
6.91,12.65,8.56,0.01,0.88,0.89,20.00,24.00,8.00,13.00,3.00
6.80,11.64,8.32,-0.04,1.20,0.12,9,0.33,21.00,21.00,7.00,13.00,3.00
6.91,12.65,8.56,0.01,0.88,0.89,20.00,24.00,8.00,13.00,3.00
6.80,11.64,8.32,-0.04,1.20,0.12,20.00,22.00,7.00,13.00,3.00
7.28,12.08,7.18,-0.13,2.13,-1.77,17.00,23.00,10.00,11.00,3.00
8.88,10.79,7.77,12.22,14.37,-0.77,20.00,22.00,9.00,13.00,3.00
6.60,16.12,5.44,23.15,32.77,1.44,19.00,22.00,7.00,12.00,3.00
-0.01,16.49,10.48,5.69,20.24,-6.23,25.00,25.00,9.00,13.00,3.00
3.96,21.00,3.61,-27.38,-32.77,-0.32,19.00,21.00,5.00,13.00,3.00
12.00,7.56,8.06,-32.77,-32.07,-3.36,13.00,19.00,7.00,11.00,3.00
3.88,14.12,3.78,32.77,32.77,-3.22,17.00,19.00,8.00,13.00,3.00
-0.46,15.22,6.44,14.50,32.77,0.94,25.00,24.00,11.00,12.00,3.00
-4.21,20.56,7.46,-6.64,-17.95,8.63,21.00,21.00,8.00,11.00,3.00
5.91,13.39,5.48,-32.77,-32.77,-1.85,13.00,20.00,8.00,12.00,3.00
15.40,10.48,1.77,11.13,9.69,1.16,8.00,18.00,10.00,13.00,3.00
5.63,12.87,2.20,22.89,32.77,-12.75,20.00,18.00,9.00,13.00,3.00
0.38,15.75,9.08,2.68,28.17,-7.35,25.00,22.00,8.00,13.00,3.00
-0.43,17.61,6.61,-9.20,-32.77,11.61,23.00,21.00,8.00,11.00,3.00
8.19,12.81,5.57,-27.53,-32.77,0.33,13.00,19.00,8.00,12.00,3.00
10.31,7.98,0.09,23.33,32.77,-7.25,14.00,19.00,6.00,13.00,3.00
1.59,16.72,3.41,4.17,32.77,-9.00,21.00,21.00,10.00,13.00,3.00
-4.45,15.88,8.90,-2.30,-9.45,6.72,22.00,21.00,8.00,12.00,3.00
2.06,15.28,7.01,-12.92,-32.77,11.65,19.00,19.00,8.00,12.00,3.00
---------END--------
21.00,8.00,12.00,3.00
4.73,14.38,7.10,0.11,0.75,-0.23,20.00,21.00,7.00,13.00,3.00
4.72,14.64,7.16,-0.13,0.03,0.45,-0.39,20.00,21.00,8.00,12.00,3.00
4.73,14.38,7.10,0.11,0.75,-0.23,20.00,21.00,7.00,13.00,3.00
4.72,14.64,7.16,-0.13,0.41,-0.20,22.00,23.00,8.00,11.00,3.00
4.86,14.64,7.05,-0.39,1.03,-0.14,21.00,21.00,9.00,12.00,3.00
5.88,13.22,6.76,5.73,6.72,1.92,21.00,21.00,8.00,12.00,3.00
5.69,14.34,4.06,18.40,25.83,2.38,19.00,22.00,8.00,13.00,3.00
2.06,15.74,6.03,11.33,27.31,-4.28,20.00,23.00,7.00,14.00,3.00
-1.42,18.28,5.55,-12.21,-23.10,7.01,18.00,21.00,8.00,13.00,3.00
7.62,15.59,5.21,-32.77,-32.77,5.53,13.00,23.00,9.00,13.00,3.00
12.66,11.18,-0.50,18.65,27.23,1.68,12.00,18.00,8.00,13.00,3.00
4.49,11.28,-1.19,21.03,32.77,-14.75,17.00,20.00,8.00,13.00,3.00
-4.18,16.47,12.13,0.95,13.27,-6.88,23.00,21.00,7.00,11.00,3.00
1.84,18.28,1.71,-12.13,-32.77,9.68,17.00,20.00,9.00,13.00,3.00
6.80,16.12,4.47,-24.12,-32.77,5.32,12.00,19.00,8.00,12.00,3.00
12.16,8.16,-3.36,29.70,32.77,-4.16,14.00,19.00,8.00,13.00,3.00
0.91,15.87,3.14,7.76,32.77,-13.75,20.00,22.00,7.00,11.00,3.00
-8.41,16.84,10.79,-2.80,-7.79,2.72,24.00,21.00,8.00,12.00,3.00
0.78,14.56,6.36,-16.72,-32.77,9.75,15.00,20.00,9.00,14.00,3.00
12.54,14.28,6.41,-15.85,-30.70,-4.24,13.00,18.00,8.00,12.00,3.00
5.14,13.28,0.35,24.81,32.77,-11.07,20.00,21.00,8.00,13.00,3.00
-2.69,16.56,11.05,7.12,32.77,-2.31,19.00,21.00,9.00,10.00,3.00
-0.19,15.60,7.04,-11.07,-32.77,11.90,20.00,22.00,10.00,12.00,3.00
5.60,12.00,5.37,-24.40,-32.77,0.80,16.00,20.00,8.00,12.00,3.00
---------END--------
.66,6.35,-0.23,0.46,-0.26,21.00,23.00,6.00,13.00,3.00
5.58,14.51,6.24,-0.00,0.70,-0.29,19.00,21.00,7.00,13.00,3.00
7.72,15.38,4.04,1.54,6.46,-1.13,18.00,20.00,10.00,14.00,3.00
5.27,14.52,4.82,12.44,23.26,-1.66,19.00,22.00,8.00,13.00,3.00
0.10,16.43,8.43,9.56,26.68,-6.99,18.00,24.00,9.00,13.00,3.00
-4.66,17.88,7.11,-10.01,-16.91,6.54,23.00,22.00,8.00,13.00,3.00
3.92,14.31,4.76,-20.89,-32.77,6.71,16.00,21.00,8.00,12.00,3.00
13.68,10.88,-1.60,10.02,11.31,1.08,12.00,21.00,9.00,11.00,3.00
6.60,14.06,-1.63,23.41,32.77,-6.22,19.00,23.00,8.00,13.00,3.00
-1.09,17.49,6.80,2.78,23.09,-9.32,25.00,23.00,8.00,13.00,3.00
-2.79,15.86,5.84,-10.49,-30.51,6.76,22.00,21.00,8.00,14.00,3.00
8.12,16.71,3.32,-24.31,-32.77,6.59,17.00,20.00,7.00,13.00,3.00
11.61,8.65,0.32,21.27,32.77,-5.39,16.00,19.00,9.00,14.00,3.00
-0.12,18.11,3.51,9.43,32.77,-10.79,23.00,22.00,7.00,12.00,3.00
-7.18,16.94,10.58,-5.26,-11.19,4.30,26.00,20.00,9.00,13.00,3.00
5.68,14.28,3.88,-17.92,-32.77,6.74,15.00,19.00,7.00,12.00,3.00
13.02,13.34,2.05,0.68,-12.19,0.45,16.00,19.00,9.00,13.00,3.00
5.52,13.98,0.34,22.97,32.77,-9.75,19.00,21.00,8.00,12.00,3.00
-2.78,17.54,8.80,3.80,32.77,-13.06,20.00,20.00,7.00,12.00,3.00
-2.94,15.38,7.13,-8.02,-31.25,11.44,23.00,20.00,9.00,13.00,3.00
5.51,13.94,2.71,-19.63,-32.77,10.53,15.00,20.00,8.00,13.00,3.00
14.02,8.76,-2.38,12.52,-2.31,1.10,14.00,18.00,6.00,12.00,3.00
---------END--------
2,-0.26,20.00,21.00,8.00,13.00,3.00
6.66,14.18,5.99,0.45,0.19,-0.30,19.00,21.00,9.00,13.00,3.00
6.84,14.43,5.84,0.55,0.97,-0.17,19.00,20.00,5.00,13.00,3.00
6.89,14.47,5.30,0.36,2.59,-0.72,19.00,21.00,8.00,13.00,3.00
7.68,13.00,4.02,7.68,13.68,-0.59,20.00,21.00,8.00,12.00,3.00
5.36,15.42,1.51,20.66,32.04,1.00,15.00,20.00,8.00,14.00,3.00
1.25,16.13,6.08,11.27,23.81,-2.94,20.00,21.00,10.00,13.00,3.00
-5.86,18.60,11.21,-6.49,-7.90,-1.56,22.00,21.00,8.00,12.00,3.00
3.63,14.47,-1.32,-26.37,-32.77,10.28,16.00,20.00,7.00,12.00,3.00
14.07,9.70,-0.61,-2.77,-14.67,6.69,12.00,21.00,8.00,13.00,3.00
7.17,10.81,-1.60,19.20,32.77,-11.06,15.00,19.00,8.00,12.00,3.00
-1.36,16.06,7.40,4.43,32.77,-16.85,20.00,21.00,8.00,12.00,3.00
-3.30,16.77,9.14,-4.82,-21.53,10.71,26.00,20.00,7.00,14.00,3.00
5.12,16.00,3.80,-18.44,-32.77,6.14,17.00,19.00,8.00,12.00,3.00
12.35,10.19,2.31,3.07,15.78,-5.98,14.00,19.00,8.00,12.00,3.00
4.89,14.32,-1.27,14.29,32.77,-11.55,18.00,18.00,7.00,12.00,3.00
-9.18,17.64,14.94,-1.51,5.89,-2.11,23.00,21.00,9.00,13.00,3.00
0.14,15.78,6.86,-8.70,-32.77,10.20,18.00,20.00,7.00,11.00,3.00
8.08,15.18,0.43,-20.51,-32.77,-0.06,14.00,20.00,9.00,11.00,3.00
10.74,10.41,-2.74,17.90,32.77,-4.31,15.00,17.00,6.00,11.00,3.00
-2.06,17.82,2.89,10.44,32.77,-11.04,18.00,18.00,9.00,13.00,3.00
-12.26,16.94,13.46,1.73,-9.47,9.24,24.00,20.00,7.00,12.00,3.00
4.16,14.97,4.80,-15.55,-32.77,15.63,18.00,17.00,7.00,12.00,3.00
12.94,16.38,4.09,-24.16,-32.77,-0.58,15.00,18.00,7.00,12.00,3.00
---------END--------
0
5.00,14.96,5.568,5.66,-0.07,0.12,0.02,20.00,21.00,9.00,13.00,3.00
5.07,14.71,5.35,0.07,0.29,-0.13,19.00,21.00,8.00,13.00,3.00
5.00,14.96,5.51,-0.14,0.47,-0.39,19.00,21.00,8.00,14.00,3.00
5.64,15.02,5.18,0.77,2.07,-0.24,19.00,20.00,8.00,13.00,3.00
6.48,13.70,3.95,10.77,17.72,-0.10,18.00,16.00,8.00,13.00,3.00
1.56,16.48,5.11,10.88,28.54,-6.50,20.00,21.00,9.00,14.00,3.00
-3.59,17.70,6.44,-5.08,-9.41,1.34,22.00,18.00,6.00,14.00,3.00
3.28,15.44,2.60,-18.53,-32.77,6.72,16.00,20.00,7.00,13.00,3.00
13.21,12.83,-0.12,-6.87,-22.31,5.90,15.00,19.00,7.00,11.00,3.00
8.95,10.56,-0.91,21.59,32.77,-7.21,17.00,17.00,7.00,12.00,3.00
-3.10,15.93,9.06,5.34,32.77,-13.61,20.00,21.00,7.00,13.00,3.00
-4.60,15.19,11.02,-6.42,-22.07,5.99,21.00,20.00,8.00,13.00,3.00
4.56,15.00,0.90,-15.00,-32.77,8.63,15.00,21.00,9.00,13.00,3.00
13.36,14.82,0.81,-0.44,-1.28,-2.10,14.00,18.00,7.00,12.00,3.00
5.88,13.26,-1.32,17.29,32.77,-11.90,15.00,18.00,7.00,12.00,3.00
-8.96,17.55,13.68,1.89,25.60,-10.74,19.00,19.00,6.00,11.00,3.00
-0.98,14.17,9.65,-6.71,-32.77,11.70,17.00,18.00,5.00,10.00,3.00
6.78,16.28,-0.02,-12.27,-32.77,5.63,14.00,18.00,8.00,11.00,3.00
10.96,8.87,-4.37,16.32,32.77,-6.43,15.00,19.00,7.00,12.00,3.00
-1.02,16.53,1.71,8.65,32.77,-9.48,21.00,20.00,8.00,12.00,3.00
-9.22,17.82,13.10,-1.17,-4.34,2.56,21.00,18.00,7.00,13.00,3.00
2.05,14.58,4.95,-12.02,-32.77,14.14,16.00,19.00,8.00,11.00,3.00
---------END--------
16.38,1.24,0.62,-0.48,20.09,19.00,20.00,8.00,12.00,3.00
9.85,10.29,6.52,1.36,0.23,1.39,17.00,19.00,7.00,12.00,3.00
11.46,11.31,6.38,1.24,0.62,-0.48,20.00,21.00,8.00,13.00,3.00
11.70,12.16,6.29,-1.75,0.90,-3.11,18.00,21.00,8.00,13.00,3.00
11.33,11.65,5.84,-0.84,4.75,-2.10,19.00,20.00,9.00,13.00,3.00
12.84,8.75,5.63,17.37,17.66,6.40,20.00,23.00,8.00,14.00,3.00
9.42,11.62,6.68,23.03,30.90,8.36,20.00,22.00,7.00,13.00,3.00
3.46,13.89,13.42,7.01,8.50,1.21,21.00,23.00,11.00,15.00,3.00
9.08,15.66,-0.92,-28.00,-32.77,-6.39,20.00,21.00,8.00,13.00,3.00
13.05,8.58,4.64,-32.77,-32.77,-6.63,17.00,19.00,6.00,13.00,3.00
13.48,10.88,-1.17,32.77,32.77,-0.47,16.00,19.00,8.00,11.00,3.00
3.95,13.86,6.48,11.74,32.77,-8.50,20.00,22.00,7.00,13.00,3.00
-0.12,16.84,11.16,-2.87,-15.42,8.44,22.00,21.00,8.00,12.00,3.00
9.64,13.09,4.17,-32.77,-32.77,-0.42,18.00,18.00,6.00,12.00,3.00
15.74,8.02,6.07,4.76,14.96,-3.64,13.00,15.00,9.00,13.00,3.00
6.57,12.60,2.22,17.38,32.77,-9.43,18.00,20.00,7.00,13.00,3.00
0.11,15.43,12.62,4.11,8.63,2.84,22.00,22.00,10.00,12.00,3.00
5.95,14.63,7.75,-16.29,-32.77,11.44,18.00,18.00,8.00,13.00,3.00
16.09,9.01,2.59,-21.56,-31.29,-1.90,13.00,21.00,8.00,12.00,3.00
13.43,8.76,0.61,18.96,32.77,-9.81,14.00,19.00,8.00,12.00,3.00
5.28,13.82,5.44,7.30,32.77,-8.21,19.00,21.00,7.00,12.00,3.00
-0.67,18.86,13.78,-4.02,-14.94,9.88,20.00,20.00,7.00,12.00,3.00
7.91,12.60,6.23,-24.79,-32.77,8.06,16.00,20.00,7.00,11.00,3.00
16.10,6.84,3.54,-4.57,-17.61,3.62,13.00,19.00,7.00,13.00,3.00
---------END--------
.72,20.0,19.00,20.00,7.00,11.00,3.00
4.37,13.92,9.90,4.36,3.42,-0.88,20.00,21.00,8.00,13.00,3.00
4.86,12.90,9.20,-1.24,1.59,-2.72,20.0019.00,20.00,7.00,11.00,3.00
4.37,13.92,9.90,4.36,3.42,-0.88,20.00,21.00,8.00,13.00,3.00
4.86,12.90,9.20,-1.24,1.59,-2.72,20.00,22.00,7.00,13.00,3.00
5.08,12.02,8.58,0.09,1.38,-3.56,19.00,20.00,7.00,10.00,3.00
4.14,13.46,9.02,-1.06,3.32,-5.42,19.00,21.00,8.00,13.00,3.00
6.12,13.54,9.28,5.62,9.88,-4.83,21.00,23.00,8.00,14.00,3.00
5.25,14.27,6.89,17.31,21.75,-1.80,18.00,23.00,8.00,12.00,3.00
1.38,15.10,8.59,13.26,22.78,-0.63,19.00,21.00,8.00,13.00,3.00
-2.33,19.94,6.72,-6.24,-27.28,11.78,21.00,22.00,8.00,13.00,3.00
6.35,16.08,5.65,-32.77,-32.77,6.96,12.00,22.00,5.00,13.00,3.00
13.62,2.51,-4.62,32.77,32.77,1.86,13.00,20.00,8.00,13.00,3.00
2.54,14.75,3.02,22.79,32.77,-16.88,20.00,22.00,8.00,13.00,3.00
-7.99,16.25,9.66,-4.22,-8.39,2.18,28.00,25.00,9.00,14.00,3.00
5.12,16.84,1.83,-30.59,-32.77,5.60,19.00,20.00,8.00,12.00,3.00
18.96,8.12,-0.82,2.14,20.01,-5.39,15.00,21.00,9.00,14.00,3.00
2.60,18.37,2.16,17.88,32.77,-13.79,17.00,20.00,8.00,12.00,3.00
-4.19,15.51,11.07,-8.05,-13.18,-1.97,24.00,20.00,8.00,12.00,3.00
6.61,11.61,5.00,-21.72,-32.77,7.86,19.00,20.00,8.00,12.00,3.00
15.62,11.32,5.91,-6.16,-22.98,-1.97,17.00,19.00,11.00,13.00,3.00
5.16,12.25,-3.26,23.90,32.77,-15.91,18.00,20.00,9.00,13.00,3.00
-4.44,17.59,11.22,-0.11,13.96,0.25,21.00,20.00,8.00,12.00,3.00
---------END--------
