0,20.00,3.00
12.43,7.95,9.03,5.07,1.02,-0.25,21.00,19.00,13.00,20.000.00,3.00
12.88,7.12,8.69,2.29,0.97,-0.62,20.00,19.00,12.00,20.00,3.00
12.43,7.95,9.03,5.07,1.02,-0.25,21.00,19.00,13.00,20.00,3.00
12.14,7.96,9.20,0.70,0.92,-0.01,20.00,20.00,15.00,19.00,3.00
11.63,6.77,8.93,-0.83,0.56,-0.50,20.00,18.00,12.00,20.00,3.00
10.90,11.67,9.11,-22.13,-3.47,0.68,20.00,17.00,12.00,20.00,3.00
13.80,3.59,10.76,-5.43,0.81,0.02,19.00,19.00,13.00,20.00,3.00
12.97,6.22,8.86,21.40,0.48,-3.95,18.00,18.00,13.00,20.00,3.00
12.04,8.41,5.22,22.90,6.03,-4.55,17.00,19.00,11.00,20.00,3.00
10.69,10.30,3.56,21.32,8.49,-2.85,18.00,21.00,11.00,19.00,3.00
8.84,12.97,2.19,28.65,16.41,-3.76,21.00,19.00,12.00,18.00,3.00
8.01,13.00,2.20,19.48,16.70,-3.75,20.00,19.00,13.00,21.00,3.00
6.82,14.50,1.90,20.73,18.30,-3.87,20.00,19.00,13.00,20.00,3.00
5.66,17.73,1.66,19.41,17.41,-4.58,18.00,17.00,12.00,19.00,3.00
5.45,15.04,-0.57,18.07,16.66,-5.41,19.00,17.00,11.00,18.00,2.00
4.94,16.54,-2.63,15.62,14.71,-6.06,17.00,18.00,11.00,19.00,3.00
7.25,14.88,-5.71,13.73,16.53,-7.55,18.00,18.00,12.00,19.00,2.00
-1.21,19.14,4.16,9.47,13.14,1.43,19.00,19.00,12.00,20.00,2.00
5.74,18.65,-3.72,-0.16,-2.80,0.68,19.00,18.00,12.00,20.00,2.00
5.71,16.05,-2.34,-2.12,-6.10,2.17,18.00,18.00,12.00,22.00,2.00
5.16,18.40,-2.83,-6.50,-5.04,2.06,17.00,17.00,12.00,22.00,3.00
6.05,14.07,-3.97,-6.07,-7.71,5.96,17.00,18.00,10.00,20.00,2.00
5.36,16.05,-2.67,-8.46,-4.68,1.77,18.00,18.00,11.00,21.00,2.00
---------END--------
,14.59,-2.82,-0.27,0.63,-0.26,24.00,20.00,11.00,20.00,3.00
6.93,14.69,-2.84,-0.03,0.81,-0.12,25.00,20.00,13.00,20.00,3.00
6.88,14.59,-2.82,-0.27,0.84,-0.10,25.00,19.00,13.00,20.00,3.00
6.82,14.60,-3.16,0.19,1.12,-0.47,24.00,20.00,12.00,20.00,3.00
6.78,14.77,-3.04,-0.23,2.05,-0.52,21.00,19.00,13.00,19.00,3.00
6.90,14.47,-2.39,0.64,1.72,-0.49,25.00,18.00,13.00,20.00,3.00
6.95,14.98,-3.59,1.50,1.33,-0.63,22.00,19.00,12.00,20.00,3.00
7.16,14.90,-6.95,2.75,5.07,-0.96,20.00,18.00,11.00,19.00,3.00
7.62,14.74,-7.57,4.57,14.43,-3.40,22.00,19.00,12.00,19.00,3.00
6.16,12.23,-8.01,8.05,23.22,-7.25,20.00,18.00,12.00,20.00,3.00
4.94,14.92,-5.18,12.91,28.05,-8.10,21.00,19.00,12.00,20.00,3.00
2.82,14.96,-3.60,12.57,28.37,-8.28,21.00,19.00,12.00,19.00,3.00
1.44,16.58,-2.91,12.41,22.61,-7.94,20.00,18.00,12.00,20.00,3.00
4.21,15.38,-6.17,13.81,23.77,-9.19,20.00,19.00,11.00,22.00,3.00
-4.60,30.25,4.19,7.32,18.60,-2.17,20.00,18.00,14.00,20.00,2.00
6.82,17.47,-6.06,-3.85,-1.98,-1.72,18.00,17.00,11.00,20.00,2.00
6.07,13.92,-2.52,-0.48,-1.54,-0.61,17.00,18.00,13.00,20.00,2.00
4.05,16.47,-1.96,-3.42,-6.57,2.81,20.00,19.00,14.00,21.00,2.00
4.13,16.89,-4.32,-7.53,-8.29,3.72,18.00,18.00,11.00,21.00,2.00
4.64,14.44,-3.47,-7.23,-8.47,3.88,18.00,18.00,10.00,20.00,2.00
---------END--------
,0.20,0.17,0.34,-0.43,18.00,17.00,11.00,20.00,3.00
8.34,10.38,10.04,-0.04,0.48,-0.49,19.00,17.00,12.00,20.00,3.00
8.50,10.36,10.06,1.26,0.53,-0.66,20.00,18.00,11.00,17.00,3.00
8.18,10.50,9.80,2.77,0.44,-0.67,20.00,18.00,11.00,19.00,3.00
8.00,11.37,9.29,5.06,0.85,-0.73,19.00,18.00,12.00,19.00,3.00
8.11,11.62,7.66,7.68,1.77,-0.14,20.00,18.00,11.00,20.00,3.00
7.92,12.69,5.64,14.64,5.06,-0.03,20.00,18.00,9.00,19.00,3.00
7.47,13.30,2.26,22.34,11.47,-0.92,20.00,18.00,12.00,20.00,3.00
5.50,14.38,3.63,24.38,16.26,-1.41,19.00,18.00,11.00,18.00,3.00
4.81,16.44,1.43,20.89,17.90,-2.71,20.00,18.00,12.00,19.00,3.00
4.73,15.42,-2.18,18.90,16.69,-2.00,20.00,17.00,11.00,19.00,3.00
4.32,16.19,-3.09,16.20,19.58,-3.82,17.00,19.00,9.00,20.00,3.00
5.14,15.95,-6.23,15.94,21.53,-4.62,18.00,17.00,12.00,19.00,3.00
3.09,17.76,-4.03,15.49,24.08,-8.00,19.00,16.00,12.00,20.00,2.00
5.27,13.38,-8.48,14.49,26.90,-10.17,19.00,19.00,12.00,20.00,2.00
-5.79,15.88,10.60,9.57,-3.09,5.84,19.00,18.00,11.00,18.00,2.00
7.76,12.97,-5.48,-3.72,-2.88,-0.02,20.00,18.00,11.00,19.00,2.00
4.50,16.13,-2.07,-1.30,-6.21,3.00,18.00,17.00,11.00,20.00,2.00
3.41,19.28,-3.70,-11.00,-7.58,2.71,21.00,18.00,11.00,19.00,2.00
2.95,18.20,-3.04,-18.77,-12.07,2.23,19.00,18.00,11.00,19.00,2.00
3.24,17.08,-1.95,-22.75,-20.33,4.58,19.00,17.00,10.00,18.00,2.00
---------END--------
08,20.00,19.00,12.00,20.00,2.00
10.68,11.86,5.40,0.49,0.,0.33,-0.26,20.00,19.00,11.00,20.00,2.00
10.85,11.62,5.45,0.63,0.10,0.08,20.00,19.00,12.00,20.00,2.00
10.68,11.86,5.40,0.49,0.36,-0.06,21.00,20.00,13.00,20.00,2.00
10.78,10.80,4.93,2.32,0.42,0.15,21.00,16.00,11.00,20.00,2.00
10.69,11.56,4.17,4.11,1.10,-0.35,20.00,19.00,13.00,20.00,2.00
11.62,11.41,1.51,11.31,5.63,0.55,20.00,20.00,12.00,19.00,2.00
11.28,11.75,-0.14,17.29,9.67,1.24,20.00,20.00,12.00,20.00,2.00
10.04,11.97,-0.09,13.42,12.38,-1.46,20.00,17.00,11.00,20.00,2.00
9.01,12.48,0.60,14.64,14.70,-3.11,20.00,19.00,12.00,20.00,2.00
8.42,13.23,-0.20,16.36,14.49,-3.04,20.00,18.00,10.00,20.00,2.00
7.45,14.27,-1.06,16.68,14.35,-3.91,21.00,19.00,12.00,20.00,2.00
7.14,15.18,-2.75,15.13,15.11,-6.29,21.00,19.00,11.00,20.00,2.00
8.74,14.82,-5.51,8.05,22.66,-14.28,20.00,18.00,12.00,20.00,2.00
7.29,18.73,2.09,11.52,-2.31,3.47,18.00,17.00,13.00,19.00,2.00
8.36,12.25,-0.36,0.48,0.30,-0.97,18.00,17.00,11.00,19.00,2.00
7.64,16.54,-1.96,0.31,-0.33,0.03,18.00,19.00,12.00,19.00,2.00
5.37,16.40,0.87,-2.66,-1.74,1.28,18.00,19.00,10.00,20.00,2.00
4.79,16.52,-0.23,-6.12,-7.27,4.25,16.00,16.00,11.00,19.00,2.00
5.50,16.84,0.52,-9.88,-11.85,3.65,18.00,19.00,9.00,20.00,2.00
6.13,14.87,-0.21,-16.04,-18.03,2.03,18.00,17.00,12.00,20.00,2.00
---------END--------
.00,20.00,3.00
11.80,9.60,7.54,-0.13,0.46,-0.48,20.00,18.00,11.00,21.00,3.00
11.49,8.99,6.84,2.57,1.04,-0.31,20.00,17.00,10.00,20.00,2.00
11.56,8.86,5.70,9.24,3.26,-0.74,21.00,18.00,15.00,17.00,2.00
11.72,9.75,1.00,24.90,8.52,0.24,20.00,17.00,12.00,20.00,2.00
10.75,13.52,-0.63,32.77,15.44,1.82,21.00,17.00,14.00,19.00,2.00
10.04,14.25,-0.47,25.12,17.31,-1.64,21.00,17.00,11.00,20.00,3.00
8.36,13.18,-1.04,17.80,17.66,-6.86,20.00,18.00,12.00,19.00,2.00
7.76,14.47,-0.82,16.65,15.99,-6.32,20.00,19.00,12.00,18.00,2.00
6.79,14.86,-1.39,15.77,14.88,-5.54,23.00,19.00,13.00,19.00,2.00
6.78,17.14,-2.98,14.20,13.57,-5.52,18.00,20.00,12.00,19.00,2.00
7.50,15.86,-4.63,10.56,14.07,-7.10,16.00,18.00,11.00,19.00,2.00
-5.68,31.52,13.54,7.79,7.17,-0.11,20.00,17.00,12.00,19.00,2.00
8.53,14.75,-2.63,-5.13,0.82,-3.06,18.00,19.00,13.00,19.00,2.00
8.30,13.56,-2.23,1.57,-1.09,0.93,17.00,17.00,12.00,18.00,2.00
7.69,14.68,-4.10,-1.68,-3.18,2.25,17.00,17.00,11.00,19.00,2.00
5.49,18.49,-1.23,-6.97,-3.18,0.89,17.00,19.00,13.00,21.00,2.00
5.04,17.13,-0.04,-14.63,-9.16,2.69,17.00,16.00,12.00,20.00,2.00
6.04,16.04,-0.67,-15.31,-17.09,6.11,17.00,17.00,11.00,20.00,2.00
---------END--------
