00,11.00,13.00,3.00
8.64,1.02,15.92,-0.31,0.61,-0.44,20.00,23.00,9.00,13.00,3.00
8.86,1.58,15.05,-0.70,-0.33,-0.57,22.00,20.00,8.00,13.00,3.00
9.06,1.53,14.26,-0.66,-0.04,-0.22,20.00,23.00,9.00,14.00,3.00
9.10,1.08,14.28,-0.75,0.41,0.03,24.00,24.00,6.00,16.00,3.00
9.06,0.88,17.05,-2.54,-1.34,0.16,20.00,22.00,10.00,15.00,3.00
9.10,-0.03,16.30,-0.67,-9.11,3.72,19.00,23.00,10.00,15.00,3.00
10.74,0.98,13.50,0.01,-21.01,7.36,20.00,22.00,9.00,15.00,3.00
13.92,-1.29,6.68,5.86,-19.10,4.88,22.00,25.00,10.00,14.00,3.00
14.60,-1.90,1.80,10.33,-5.08,-0.37,20.00,21.00,8.00,14.00,3.00
12.14,-0.68,-0.74,13.66,14.24,-8.27,18.00,20.00,10.00,15.00,3.00
6.98,3.23,2.36,10.14,32.77,-15.80,20.00,20.00,8.00,14.00,3.00
-7.04,5.64,13.19,6.24,32.77,-22.25,17.00,20.00,10.00,14.00,3.00
-19.64,12.84,32.77,-9.35,18.42,-10.83,18.00,20.00,9.00,13.00,3.00
-11.46,5.30,29.42,-10.51,-32.77,8.53,18.00,19.00,9.00,15.00,2.00
0.35,2.93,8.82,-3.25,-32.77,13.49,16.00,19.00,9.00,14.00,2.00
12.53,-0.83,-7.52,7.47,-28.81,8.80,19.00,21.00,9.00,12.00,3.00
13.06,-3.26,-8.91,-2.41,15.49,-3.09,15.00,18.00,9.00,14.00,3.00
4.73,-0.17,2.02,10.06,32.77,-12.29,17.00,19.00,8.00,13.00,3.00
-7.88,10.83,20.40,6.78,32.77,-15.32,16.00,19.00,11.00,12.00,2.00
-15.82,3.42,32.77,-6.06,2.00,-5.55,20.00,19.00,7.00,13.00,2.00
-4.57,8.11,26.74,-3.17,-32.77,7.16,17.00,19.00,9.00,14.00,2.00
5.04,1.85,6.69,-6.20,-32.77,5.89,17.00,16.00,10.00,14.00,3.00
12.96,1.45,-3.66,13.34,-28.38,6.29,17.00,20.00,9.00,15.00,3.00
11.87,-0.02,-7.06,-0.79,9.81,-2.87,18.00,18.00,8.00,13.00,3.00
7.70,0.96,-0.72,1.01,32.77,-11.17,16.00,18.00,6.00,13.00,3.00
-2.37,5.19,11.65,6.86,32.77,-17.50,17.00,18.00,9.00,15.00,3.00
---------END--------
,0
4.89,7.68,14.32,-0.69,0.14,-0.10,17.00.00,23.00,8.00,14.00,3.00
5.03,7.76,14.72,-0.68,0.11,-0.38,20.00,22.00,11.00,13.00,3.00
4.89,7.68,14.32,-0.69,0.14,-0.10,17.00,22.00,9.00,12.00,3.00
5.10,7.62,15.59,-0.76,0.25,0.33,19.00,22.00,10.00,13.00,3.00
5.14,8.09,18.05,-1.66,-1.73,2.07,22.00,22.00,10.00,12.00,3.00
3.66,7.35,19.37,-6.67,-17.74,8.87,19.00,22.00,7.00,14.00,3.00
10.81,4.15,12.17,-2.69,-32.77,12.78,19.00,20.00,6.00,14.00,3.00
12.24,2.75,4.89,7.62,-30.89,11.42,21.00,21.00,9.00,15.00,3.00
11.47,3.75,1.28,15.63,-4.00,2.93,19.00,19.00,8.00,14.00,3.00
12.70,1.78,-4.86,12.29,27.75,-11.03,16.00,19.00,10.00,14.00,3.00
3.43,6.08,1.69,4.11,32.77,-15.46,19.00,19.00,9.00,14.00,3.00
-7.42,5.54,12.98,-1.93,32.77,-19.23,16.00,20.00,10.00,12.00,3.00
-20.26,10.23,32.77,-4.91,21.47,-3.74,18.00,22.00,8.00,14.00,3.00
-9.96,9.91,32.77,-7.88,-32.77,6.45,20.00,18.00,6.00,17.00,3.00
-1.96,4.46,13.32,-13.55,-32.77,12.32,18.00,18.00,8.00,14.00,2.00
6.70,2.49,-2.67,5.45,-32.77,10.75,17.00,19.00,8.00,13.00,3.00
12.69,0.86,-10.39,2.84,7.32,-0.19,17.00,17.00,7.00,17.00,3.00
4.84,4.90,-1.27,2.18,32.77,-10.94,16.00,17.00,8.00,14.00,2.00
-6.76,7.58,13.62,5.80,32.77,-9.34,19.00,21.00,8.00,15.00,3.00
-16.49,2.68,32.77,-0.84,31.10,-10.86,20.00,20.00,9.00,14.00,2.00
-14.56,4.53,32.77,-9.33,-25.64,-1.41,19.00,19.00,9.00,13.00,2.00
-6.01,5.02,15.95,-15.55,-32.77,5.24,18.00,19.00,8.00,13.00,2.00
1.87,0.32,2.02,7.83,-32.77,5.94,18.00,19.00,9.00,16.00,3.00
12.25,3.18,-6.32,7.14,-12.79,4.20,17.00,17.00,9.00,13.00,3.00
9.27,-2.74,-7.01,1.15,21.82,-8.83,16.00,16.00,7.00,14.00,3.00
3.63,5.43,4.81,12.04,32.77,-17.32,17.00,20.00,8.00,14.00,3.00
-6.85,5.98,14.33,5.82,32.77,-20.17,20.00,21.00,7.00,14.00,3.00
---------END--------
46,10.26.77,-1.59,-0.42,0.50,21.00,19.00,9.00,14.00,3.00
12.47,1.16,8.09,-3.24,2.14,-0.93,19.00,21.00,9.00,13.00,3.00
13.21,2.46,10.21,-1.94,2.36,-1.70,21.00,20.00,8.00,13.00,3.00
13.53,3.14,11.93,-3.82,0.09,0.68,23.00,20.00,8.00,12.00,3.00
13.40,1.82,12.61,-2.34,-7.30,4.54,20.00,20.00,8.00,15.00,3.00
13.14,-1.54,8.33,1.64,-19.47,6.33,18.00,19.00,9.00,13.00,3.00
14.54,-3.18,-1.06,19.75,-13.82,-1.05,20.00,19.00,8.00,14.00,3.00
13.49,3.78,-5.94,16.90,23.55,-17.96,19.00,17.00,9.00,14.00,3.00
5.26,10.02,-1.28,1.71,32.77,-21.00,17.00,19.00,8.00,13.00,3.00
-7.81,8.58,17.35,3.42,32.77,-26.27,19.00,20.00,7.00,13.00,3.00
-22.96,8.74,32.77,-9.98,2.42,-6.47,20.00,19.00,8.00,13.00,2.00
-8.49,7.96,24.26,-10.87,-32.77,9.82,20.00,20.00,8.00,13.00,2.00
4.86,4.49,2.33,1.28,-32.77,12.36,18.00,19.00,7.00,14.00,3.00
16.06,0.70,-7.65,11.50,-27.20,11.79,18.00,18.00,8.00,15.00,3.00
10.55,-2.87,-12.11,4.20,21.39,-9.99,17.00,18.00,8.00,14.00,3.00
4.26,6.30,5.70,6.71,32.77,-25.14,15.00,19.00,7.00,13.00,3.00
-4.14,12.48,23.23,-3.82,32.77,-30.27,19.00,20.00,8.00,14.00,3.00
-21.95,10.62,32.77,1.94,-0.08,0.85,21.00,20.00,8.00,13.00,2.00
-8.16,11.59,21.15,-11.21,-32.77,14.60,23.00,21.00,5.00,15.00,3.00
4.29,0.82,6.85,-8.21,-32.77,14.32,17.00,18.00,7.00,15.00,2.00
11.26,1.07,-3.05,19.81,-29.93,12.19,19.00,17.00,8.00,14.00,3.00
9.89,-0.88,-7.69,2.01,9.73,-3.88,16.00,17.00,8.00,13.00,3.00
6.27,1.82,-0.47,4.11,32.77,-19.98,17.00,17.00,8.00,12.00,3.00
---------END--------
.67,10.42,12.78,-0.22,1.08,-0.24,19.00,22.00,9.00,13.00,3.00
-0.87,10.48,12.82,-0.51,1.01,-0.46,19.00,20.00,9.00,13.00,3.00
-0.67,10.42,12.78,-0.22,1.08,-0.24,19.00,22.00,9.00,13.00,3.00
-0.87,10.48,12.82,-0.51,1.01,-0.46,19.00,20.00,9.00,13.00,3.00
-1.12,10.64,13.18,-0.19,1.14,-0.45,19.00,20.00,8.00,11.00,3.00
-1.24,10.72,13.52,-0.01,0.31,-0.36,19.00,22.00,9.00,13.00,3.00
-0.90,10.62,13.42,-0.06,-0.45,-0.33,19.00,21.00,9.00,12.00,3.00
-0.88,11.39,13.69,-0.42,-0.53,0.21,20.00,20.00,7.00,14.00,3.00
-2.81,13.88,19.93,-4.05,-3.03,1.54,20.00,23.00,10.00,13.00,2.00
-1.55,13.18,20.48,-7.24,-29.06,13.67,20.00,20.00,10.00,14.00,3.00
6.84,7.52,13.50,-10.06,-32.77,19.24,19.00,19.00,9.00,13.00,3.00
11.08,0.56,-0.16,-0.69,-30.90,14.49,17.00,19.00,8.00,13.00,3.00
9.17,1.32,-7.86,4.21,9.78,-4.36,17.00,20.00,10.00,14.00,3.00
5.66,4.00,-5.52,20.62,32.77,-20.98,15.00,18.00,9.00,15.00,3.00
-6.44,11.01,5.15,0.11,32.77,-22.43,17.00,19.00,7.00,13.00,3.00
-22.66,14.96,23.20,2.64,32.77,-8.34,19.00,15.00,7.00,14.00,2.00
-22.66,15.91,32.77,-5.85,-6.18,-1.46,18.00,18.00,6.00,13.00,2.00
-13.64,11.88,15.76,-19.60,-32.77,12.85,19.00,20.00,8.00,14.00,3.00
-3.58,4.64,4.38,-7.82,-32.77,10.46,15.00,17.00,8.00,13.00,2.00
10.13,2.89,-13.27,9.18,-30.49,9.83,16.00,17.00,8.00,13.00,3.00
8.69,0.13,-6.46,9.20,28.14,-9.89,14.00,17.00,8.00,13.00,3.00
-1.38,8.20,4.34,8.79,32.77,-21.32,15.00,18.00,9.00,14.00,3.00
-12.33,13.26,20.83,-0.21,32.77,-18.20,16.00,20.00,10.00,15.00,2.00
-25.70,11.38,32.77,3.22,15.45,-5.13,21.00,20.00,6.00,14.00,2.00
-13.95,13.11,23.86,-5.18,-32.77,8.17,20.00,20.00,8.00,14.00,2.00
-5.18,6.84,8.50,-13.59,-32.77,11.88,17.00,18.00,7.00,13.00,3.00
2.78,2.80,2.54,2.54,-32.77,9.03,15.00,16.00,8.00,13.00,3.00
11.43,5.60,-4.30,10.15,-9.55,1.84,16.00,18.00,8.00,13.00,3.00
8.92,3.55,-2.25,3.11,29.18,-17.97,16.00,17.00,8.00,13.00,3.00
2.83,12.86,6.48,-1.03,32.77,-20.28,19.00,17.00,6.00,14.00,3.00
---------END--------
53.00
2.02,4.13,15.92,-0.36,0.30,-0.43,19.009.00,20.00,8.00,12.00,3.00
2.35,4.70,16.10,-0.61,0.73,-0.31,15.00,23.00,9.00,13.00,3.00
2.02,4.13,15.92,-0.36,0.30,-0.43,19.00,20.00,8.00,13.00,3.00
2.40,4.76,16.54,-0.26,1.46,-0.90,20.00,18.00,8.00,13.00,3.00
2.64,4.97,17.20,-0.38,1.41,-0.53,19.00,20.00,7.00,13.00,3.00
2.63,6.78,20.76,-2.06,2.45,-0.59,20.00,22.00,9.00,13.00,3.00
-2.26,5.81,22.08,-10.12,-7.69,1.04,19.00,21.00,8.00,13.00,3.00
2.47,0.54,17.66,-13.01,-32.77,12.70,17.00,18.00,7.00,12.00,3.00
8.41,-0.19,8.19,2.48,-32.77,12.09,17.00,18.00,8.00,14.00,3.00
10.71,1.16,2.27,6.01,-13.81,4.66,17.00,15.00,10.00,14.00,3.00
10.03,-1.03,-0.73,12.22,11.57,-4.37,16.00,16.00,8.00,14.00,3.00
7.90,0.17,1.04,10.50,32.77,-17.87,16.00,18.00,8.00,13.00,3.00
-3.30,5.33,9.43,11.59,32.77,-22.16,17.00,20.00,11.00,15.00,3.00
-17.58,12.06,29.44,2.75,32.77,-21.73,19.00,20.00,7.00,14.00,3.00
-25.97,10.32,32.77,-10.30,-18.79,1.37,19.00,21.00,9.00,12.00,2.00
-12.38,4.93,15.45,-10.15,-32.77,19.60,18.00,18.00,8.00,13.00,2.00
1.21,2.03,1.16,-1.62,-32.77,21.74,16.00,18.00,9.00,12.00,2.00
9.01,-0.35,-5.81,2.36,-17.06,12.42,14.00,13.00,7.00,14.00,3.00
7.24,-3.86,-5.60,6.08,16.82,-8.65,14.00,17.00,9.00,14.00,3.00
4.77,2.41,3.44,5.07,32.77,-24.93,16.00,18.00,8.00,13.00,3.00
-6.25,6.82,13.22,0.40,32.77,-27.89,16.00,20.00,9.00,12.00,2.00
-22.06,7.59,32.77,2.82,30.40,-11.67,20.00,20.00,7.00,13.00,2.00
-20.87,6.37,32.77,-5.25,-25.10,2.66,20.00,20.00,8.00,12.00,2.00
-7.80,3.48,13.70,-10.70,-32.77,15.66,14.00,20.00,6.00,13.00,3.00
3.46,-0.10,4.34,0.46,-32.77,13.97,14.00,17.00,6.00,13.00,3.00
16.26,0.27,-3.19,9.61,-23.51,7.50,17.00,18.00,8.00,14.00,3.00
---------END--------
3-1.76,0.36,1.69,19.00,20.00,7.00,13.00,3.00.00
10.98,5.41,11.30,-4.02,1.73,-0.25,22.00,21.00,9.00,14.00,3.00
11.45,4.93,13.17,-1.76,0.36,1.69,19.00,20.00,7.00,13.00,3.00
10.87,4.38,14.86,-1.69,-3.95,3.32,18.00,19.00,7.00,14.00,3.00
10.59,3.04,11.36,-0.74,-16.24,6.42,18.00,23.00,9.00,13.00,3.00
14.31,1.72,6.94,4.21,-29.05,8.25,19.00,20.00,8.00,15.00,3.00
16.51,2.32,0.03,16.49,-5.60,4.91,20.00,18.00,8.00,12.00,3.00
12.78,2.24,-2.34,11.42,20.33,-7.40,17.00,18.00,8.00,13.00,3.00
7.17,6.06,1.67,6.31,32.77,-14.84,18.00,19.00,9.00,16.00,3.00
-5.30,6.64,7.43,-0.46,32.77,-13.75,16.00,18.00,8.00,14.00,2.00
-23.13,11.07,32.77,-0.01,32.77,-11.40,19.00,20.00,8.00,12.00,3.00
-18.51,5.90,32.77,-13.85,-32.77,0.39,20.00,18.00,8.00,13.00,2.00
-4.42,3.42,9.68,-14.73,-32.77,7.10,18.00,18.00,8.00,12.00,2.00
9.72,0.34,-7.89,8.25,-32.77,3.99,17.00,16.00,9.00,14.00,3.00
13.21,4.77,-10.90,10.13,-2.06,1.14,14.00,17.00,10.00,14.00,3.00
8.38,1.39,-0.82,0.30,32.77,-16.99,17.00,18.00,8.00,14.00,3.00
-0.05,8.50,8.17,2.71,32.77,-19.80,16.00,17.00,7.00,13.00,3.00
-17.97,7.39,30.48,-0.70,32.77,-12.60,15.00,21.00,9.00,13.00,2.00
-14.04,8.78,32.77,-2.34,-22.03,4.05,17.00,18.00,8.00,12.00,2.00
-2.74,3.56,13.31,-13.62,-32.77,9.90,17.00,17.00,8.00,12.00,2.00
7.92,1.44,0.40,3.78,-32.77,9.97,16.00,17.00,8.00,13.00,3.00
12.27,3.14,-7.56,10.93,-11.47,6.48,15.00,17.00,8.00,14.00,3.00
9.93,-0.73,-1.80,-1.58,23.18,-11.30,14.00,16.00,7.00,14.00,3.00
---------END--------
